975024	7244359600749890000000000000000000000000000
1066608	8165823713585910000000000000000000000000000
1153008	8912509381337510000000000000000000000000000
1240272	9527961640236500000000000000000000000000000
1304208	9862794856312100000000000000000000000000000
1400976	10327614057614000000000000000000000000000000
1489104	10519618738232200000000000000000000000000000
1574640	10616955571987300000000000000000000000000000
1664496	10423174293933100000000000000000000000000000
1720656	10209394837076800000000000000000000000000000
1826928	9817479430199780000000000000000000000000000
1989360	9246981739382250000000000000000000000000000
2183760	8413951416451900000000000000000000000000000
2360016	7413102413009130000000000000000000000000000
2517264	6501296903430940000000000000000000000000000
2608848	6053408747539090000000000000000000000000000

