637632	2710191631890840000000000000000000000000000
705023.999999997	3499451670283550000000000000000000000000000
788832	4655860935229580000000000000000000000000000
815616.000000005	5105049999754040000000000000000000000000000
1086048	9772372209558150000000000000000000000000000
1230336	10764652136298300000000000000000000000000000
1328832	11967405313072500000000000000000000000000000
1328832	11376272858234200000000000000000000000000000
1566432	12331048332289100000000000000000000000000000
1598400	12912192736135300000000000000000000000000000
1640736	12793813041575200000000000000000000000000000
1855008	12217996601648800000000000000000000000000000
2018304	11350108156723100000000000000000000000000000
2105568	10789467222298300000000000000000000000000000
2195424	10092528860766800000000000000000000000000000
2278368	9571940712948480000000000000000000000000000
2355264	9120108393559120000000000000000000000000000
2431296	8491804750363180000000000000000000000000000
2603232	7396052750582370000000000000000000000000000
2709504	6918309709189420000000000000000000000000000

