        -4.00000E+00         3.80560E-01         3.75086E-01         3.77823E-01         3.80560E-01         1.67523E-01         1.13618E-01         1.27358E-01         1.67523E-01
        -3.66667E+00         3.60065E-01         3.63165E-01         3.61615E-01         3.60065E-01         1.22424E-01         6.64145E-02         8.63528E-02         1.22424E-01
        -3.33333E+00         3.44670E-01         3.65676E-01         3.55173E-01         3.44670E-01         6.86606E-02         3.35952E-02         4.59042E-02         6.86606E-02
        -3.00000E+00         3.73262E-01         3.69551E-01         3.71407E-01         3.67660E-01         6.24205E-02         2.02060E-02         3.78496E-02         4.53997E-02
        -2.66667E+00         4.31430E-01         3.75439E-01         4.03434E-01         4.08306E-01         8.42946E-02         1.36048E-02         4.36526E-02         3.29285E-02
        -2.33333E+00         4.80146E-01         3.83670E-01         4.31908E-01         4.42442E-01         8.43011E-02         1.09830E-02         4.26897E-02         2.71632E-02
        -2.00000E+00         4.60645E-01         3.96952E-01         4.28799E-01         4.75782E-01         4.91611E-02         9.80871E-03         2.48793E-02         2.36317E-02
        -1.66667E+00         4.50407E-01         4.15838E-01         4.33122E-01         5.05645E-01         1.64306E-02         1.23473E-02         9.95245E-03         2.54882E-02
        -1.33333E+00         4.35948E-01         4.30924E-01         4.33436E-01         5.24321E-01         1.06189E-02         1.33538E-02         8.27231E-03         2.82853E-02
        -1.00000E+00         4.08281E-01         4.45151E-01         4.26716E-01         5.55934E-01         1.92868E-02         1.80356E-02         1.34649E-02         5.73180E-02
        -6.66667E-01         5.55955E-01         4.88906E-01         5.22430E-01         7.58801E-01         2.08634E-01         6.42956E-02         1.27658E-01         1.14179E-01
        -3.33333E-01         8.07753E-01         6.46172E-01         7.26963E-01         8.58657E-01         8.42315E-02         1.33457E-01         7.73240E-02         6.99966E-02
         0.00000E+00         7.52687E-01         7.14024E-01         7.33355E-01         8.61249E-01         5.87110E-02         1.49500E-01         7.24924E-02         6.46208E-02
         3.33333E-01         7.24053E-01         8.28219E-01         7.76136E-01         8.66021E-01         3.31845E-02         1.00312E-01         5.54340E-02         5.65036E-02
         6.66667E-01         7.08453E-01         8.64195E-01         7.86324E-01         8.72702E-01         3.96548E-02         7.81713E-02         5.00584E-02         6.21602E-02
         1.00000E+00         6.86303E-01         8.44998E-01         7.65650E-01         8.55776E-01         3.82427E-02         6.94406E-02         4.58544E-02         6.18237E-02
         1.33333E+00         6.53144E-01         8.33300E-01         7.43222E-01         8.33300E-01         4.35760E-02         6.19713E-02         4.66351E-02         6.19713E-02
         1.66667E+00         6.24370E-01         8.10489E-01         7.17429E-01         8.10489E-01         5.29631E-02         7.67823E-02         5.45126E-02         7.67823E-02
         2.00000E+00         5.90634E-01         8.05733E-01         6.98183E-01         8.05733E-01         5.90209E-02         1.09684E-01         6.58136E-02         1.09684E-01
         2.33333E+00         5.53324E-01         7.49719E-01         6.51521E-01         7.49719E-01         7.88630E-02         1.14527E-01         7.30894E-02         1.14527E-01
         2.66667E+00         5.34909E-01         6.57431E-01         5.96170E-01         6.57431E-01         9.37084E-02         1.19775E-01         9.39024E-02         1.19775E-01
         3.00000E+00         5.14525E-01         5.85579E-01         5.50052E-01         5.85579E-01         1.07376E-01         1.33782E-01         1.08779E-01         1.33782E-01
         3.33333E+00         5.07669E-01         5.41529E-01         5.24599E-01         5.41529E-01         1.37180E-01         1.54183E-01         1.39884E-01         1.54183E-01
         3.66667E+00         5.26070E-01         5.37846E-01         5.31958E-01         5.37846E-01         1.50387E-01         1.57040E-01         1.50384E-01         1.57040E-01
         4.00000E+00         5.43938E-01         5.43938E-01         5.43938E-01         5.43938E-01         1.48027E-01         1.48027E-01         1.48027E-01         1.48027E-01
